1.218903
1.218903
1.218903
1.218903
1.218903
1.218903
1.218903
1.218903
1.218903
1.218903
1.218903
1.218903
1.218903
1.218903
1.218903
1.218903
1.218903
1.218903
1.218903
1.218903
1.218903
1.218903
1.218903
1.218903
1.218903
1.218903
1.218903
1.218903
1.218903
1.218903
1.218903
1.218903
1.218903
1.218903
1.218903
1.218903
1.218903
1.218903
1.218903
1.218903
1.218903
1.218903
1.218903
1.218903
1.218903
1.218903
1.218903
1.218903
1.218903
1.218903
1.218903
1.231681
1.245759
1.260904
1.276885
1.29348
1.31063
1.328381
1.346783
1.365884
1.385734
1.406424
1.428105
1.450935
1.47502
1.499799
1.52427
1.547421
1.56824
1.58573
1.599772
1.61158
1.62248
1.633705
1.645364
1.656818
1.667419
1.676516
1.683462
1.687828
1.689511
1.68844
1.684539
1.677751
1.668545
1.658036
1.647382
1.63764
1.628969
1.621035
1.613503
1.606036
1.598304
1.590229
1.582063
1.574082
1.566546
1.559616
1.553386
1.547955
1.543419
1.539869
1.537226
1.535168
1.533359
1.531463
1.529152
1.526394
1.523477
1.520706
1.518384
1.516597
1.515127
1.513733
1.512172
1.510213
1.507943
1.505808
1.504278
1.503815
1.504567
1.506211
1.508386
1.510733
1.512899
1.514724
1.516284
1.517669
1.518968
1.52027
1.521696
1.523394
1.525513
1.528197
1.531359
1.534636
1.537649
1.540015
1.541375
1.541812
1.541843
1.542002
1.542817
1.544436
1.546542
1.548783
1.550811
1.552288
1.553196
1.553835
1.55452
1.555566
1.557267
1.559575
1.56217
1.564719
1.566901
1.568566
1.569751
1.570499
1.570853
1.570861
1.570643
1.570378
1.570246
1.570423
1.570872
1.571337
1.57155
1.571242
1.570161
1.56832
1.565965
1.563348
1.56072
1.558315
1.556103
1.55387
1.551401
1.548485
1.545005
1.540927
1.536221
1.530857
1.524813
1.518168
1.511076
1.503694
1.496168
1.488479
1.480445
1.471881
1.4626
1.45244
1.441596
1.430543
1.419759
1.409724
1.400887
1.393344
1.386977
1.381661
1.377272
1.373698
1.370834
1.368577
1.366823
1.365477
1.364555
1.364146
1.364339
1.365217
1.366704
1.368596
1.370683
1.372758
1.374627
1.376322
1.378024
1.379914
1.382178
1.384994
1.388366
1.392013
1.395627
1.398918
1.401805
1.404349
1.406616
1.408672
1.410584
1.412445
1.414362
1.416441
1.418777
1.421282
1.423737
1.425922
1.427616
1.428633
1.429125
1.429436
1.429915
1.430875
1.432187
1.433392
1.434023
1.433614
1.431716
1.428072
1.422536
1.414964
1.405211
1.393141
1.378933
1.363212
1.346637
1.329828
1.312994
1.296083
1.279039
1.261806
1.244328
1.226484
1.208056
1.188821
1.168622
1.148198
1.128893
1.112063
1.099065
1.091087
1.087686
1.087501
1.089164
1.091305
1.092577
1.092539
1.091958
1.091682
1.092497
1.094551
1.097626
1.101497
1.10594
1.11073
1.115709
1.120799
1.125932
1.131052
1.136273
1.141805
1.147861
1.154652
1.162384
1.170928
1.17969
1.188044
1.195361
1.201032
1.204935
1.207485
1.209125
1.210295
1.211222
1.211835
1.21204
1.211743
1.210839
1.208911
1.205183
1.198861
1.189166
1.176073
1.160672
1.144143
1.127665
1.112407
1.099187
1.088396
1.080404
1.075575
1.07425
1.076106
1.080172
1.085449
1.090951
1.09612
1.100942
1.105435
1.10962
1.113518
1.117183
1.120701
1.124159
1.12764
1.131061
1.134121
1.136504
1.137895
1.137993
1.136814
1.134704
1.132024
1.129135
1.126386
1.123918
1.121696
1.11968
1.117829
1.116079
1.114334
1.112501
1.110484
1.108196
1.105678
1.103087
1.10058
1.098316
1.096424
1.095004
1.094154
1.093971
1.094543
1.095787
1.097461
1.099318
1.101113
1.102613
1.103785
1.104742
1.105598
1.106468
1.107453
1.108642
1.110123
1.111985
1.114304
1.116989
1.119824
1.122589
1.125072
1.127221
1.129134
1.130915
1.13267
1.134486
1.136216
1.137532
1.138101
1.137589
1.135701
1.132548
1.12849
1.123889
1.119105
1.114432
1.110111
1.106382
1.103484
1.101625
1.100616
1.100015
1.099377
1.098285
1.09676
1.095192
1.09398
1.093526
1.094201
1.096048
1.098887
1.102537
1.106815
1.111537
1.116516
1.121558
1.126467
1.131069
1.135468
1.139956
1.144827
1.150376
1.156894
1.164375
1.172342
1.180276
1.187687
1.194457
1.200731
1.206656
1.212382
1.218061
1.223892
1.230099
1.236904
1.244452
1.251839
1.257422
1.259544
1.256544
1.246951
1.231082
1.210257
1.185808
1.159064
1.131359
1.104066
1.078614
1.056438
1.038839
1.025663
1.015854
1.008343
1.002059
0.9959497
0.9897905
0.9845898
0.9814557
0.9817649
0.9900806
1.013035
1.053862
1.108196
1.170655
1.235853
1.298671
1.356472
1.407979
1.451927
1.487192
1.51433
1.535011
1.550923
1.563756
1.575187
1.586224
1.596854
1.606983
1.616538
1.625713
1.634881
1.644416
1.654694
1.666081
1.678412
1.690716
1.701953
1.711083
1.717088
1.719638
1.719237
1.716433
1.711776
1.705676
1.698337
1.689944
1.680679
1.67071
1.659571
1.646001
1.628685
1.606485
1.579931
1.550492
1.519646
1.488871
1.459639
1.433026
1.409564
1.389745
1.374062
1.362977
1.356084
1.351975
1.349189
1.34628
1.342596
1.338676
1.335154
1.332666
1.331829
1.332712
1.334725
1.337235
1.339618
1.341528
1.343057
1.344334
1.345488
1.346643
1.347801
1.348803
1.349485
1.34968
1.34924
1.348393
1.347743
1.347911
1.34951
1.352956
1.358403
1.36599
1.375858
1.388115
1.402155
1.416648
1.430229
1.441522
1.44872
1.449457
1.441461
1.425012
1.402708
1.377234
1.351237
1.326191
1.302161
1.279126
1.257065
1.23589
1.21541
1.195422
1.175725
1.156124
1.13671
1.117946
1.100325
1.084302
1.069969
1.057202
1.045873
1.035855
1.027021
1.019226
1.012307
1.006094
1.000422
0.9951301
0.990253
0.9860542
0.9828093
0.9807892
0.9800197
0.9801582
0.9808321
0.9816685
0.9823026
0.9826203
0.98281
0.9830778
0.9836281
0.9845627
0.9858242
0.9873417
0.989044
0.9908622
0.992801
0.9949565
0.9974307
1.0003
