1.045228
1.045228
1.045228
1.045228
1.045228
1.045228
1.045228
1.045228
1.045228
1.045228
1.045228
1.045228
1.045228
1.045228
1.045228
1.045228
1.045228
1.045228
1.045228
1.045228
1.045228
1.045228
1.045228
1.045228
1.045228
1.045228
1.045228
1.045228
1.045228
1.045228
1.045228
1.045228
1.045228
1.045228
1.045228
1.045228
1.045228
1.045228
1.045228
1.045228
1.045228
1.045228
1.045228
1.045228
1.045228
1.045228
1.045228
1.045228
1.045228
1.045228
1.045228
1.046309
1.04805
1.050368
1.053173
1.056374
1.059898
1.063742
1.067927
1.072475
1.077405
1.08272
1.08834
1.09417
1.100116
1.106082
1.111972
1.117692
1.123147
1.128242
1.132895
1.137142
1.141095
1.144865
1.148566
1.152288
1.155931
1.159305
1.162216
1.164472
1.165858
1.166018
1.164541
1.161017
1.155231
1.147972
1.140348
1.133466
1.128432
1.126035
1.125837
1.127102
1.129093
1.131075
1.132511
1.133452
1.134061
1.134498
1.134912
1.135298
1.135557
1.135587
1.135288
1.134553
1.133246
1.131214
1.128303
1.124359
1.119305
1.113533
1.107619
1.102136
1.097564
1.093896
1.090975
1.088643
1.086743
1.085125
1.083664
1.082242
1.080742
1.079045
1.077132
1.075281
1.07382
1.073079
1.073345
1.07442
1.07581
1.077016
1.07754
1.076905
1.074837
1.071157
1.065688
1.058254
1.048719
1.037212
1.023961
1.009197
0.993189
0.9764117
0.9594008
0.9426923
0.9268221
0.9122315
0.8990204
0.8872111
0.8768262
0.8678883
0.8604109
0.8542935
0.8493559
0.8454162
0.8423014
0.8399249
0.8382499
0.8372401
0.8368594
0.8370902
0.8380542
0.8399359
0.8429199
0.8471908
0.8528876
0.859889
0.867982
0.8769537
0.8865814
0.8965978
0.9067226
0.9166756
0.9261764
0.9350301
0.9433539
0.9513364
0.9591664
0.9670323
0.975109
0.9833777
0.9916788
0.999849
1.007721
1.015083
1.021695
1.027317
1.031707
1.034659
1.036219
1.036565
1.035873
1.034319
1.032041
1.028931
1.024785
1.019401
1.012634
1.004626
0.9956077
0.9858119
0.9754696
0.9647339
0.9534614
0.9414387
0.9284525
0.9142893
0.8987765
0.8822944
0.8656229
0.8495507
0.8348377
0.821951
0.8111858
0.8028354
0.7971929
0.7944484
0.7940244
0.7949961
0.7964369
0.7974204
0.7971938
0.7959908
0.7943922
0.7929795
0.7922855
0.7926199
0.7942284
0.7973567
0.8022508
0.8090213
0.8173015
0.8266187
0.8365002
0.8464733
0.8560871
0.8651794
0.8737941
0.8819794
0.8897526
0.8968062
0.9026377
0.906742
0.9086141
0.907833
0.9046456
0.8996176
0.8933163
0.8863091
0.8790594
0.8714098
0.8629737
0.8533642
0.8423078
0.8300707
0.8170792
0.8037598
0.7905389
0.7778057
0.7658156
0.7547942
0.7449672
0.7365602
0.7297725
0.7244667
0.7202739
0.7168205
0.7137826
0.7113251
0.7098906
0.7099249
0.7118739
0.7160856
0.7221916
0.7295033
0.7373309
0.7449845
0.7518964
0.7581921
0.7642414
0.7704144
0.7770014
0.7839215
0.790986
0.7980063
0.8047936
0.8112378
0.8175126
0.8238563
0.8305072
0.8377034
0.8456261
0.8536764
0.8606913
0.865495
0.8670028
0.8651017
0.8602685
0.8529883
0.843746
0.8330806
0.8219547
0.8115319
0.8029773
0.7974557
0.7958666
0.7975501
0.8012792
0.8058262
0.8100504
0.8132273
0.8147559
0.8140353
0.8104646
0.8036436
0.793911
0.7817754
0.7677452
0.752329
0.7360543
0.719699
0.7042178
0.690569
0.6796009
0.6710666
0.6640925
0.6577981
0.6513025
0.6438342
0.6354197
0.62644
0.6172774
0.6083144
0.5998625
0.5918454
0.5840549
0.5762831
0.5684339
0.560902
0.5542163
0.5489056
0.5454987
0.5444798
0.5461849
0.5509194
0.5589887
0.570698
0.5863322
0.6059269
0.6293513
0.6564717
0.6869672
0.718656
0.7482905
0.7726102
0.788355
0.7926377
0.7855363
0.7703727
0.7535676
0.7418351
0.7407875
0.7495842
0.7650422
0.7839749
0.8031959
0.8184805
0.8211177
0.8090747
0.7888994
0.7675557
0.7505332
0.7381561
0.7296177
0.7241111
0.7208298
0.718988
0.7180643
0.717717
0.7176077
0.7173982
0.7168001
0.7159827
0.7153608
0.7153519
0.7162984
0.7179972
0.720004
0.7218732
0.7231595
0.7234865
0.7228637
0.7214344
0.7193417
0.7167287
0.713681
0.7100374
0.7055711
0.7000552
0.6933421
0.6855565
0.6768816
0.6675006
0.6575967
0.6473307
0.6365886
0.6250726
0.6124814
0.5985136
0.5831524
0.5688733
0.5591133
0.5547636
0.555436
0.5601409
0.567639
0.5766902
0.5860544
0.5945951
0.6017267
0.6070459
0.6101492
0.6107831
0.6093436
0.6064033
0.6025346
0.5983101
0.5941797
0.5901842
0.5862791
0.5824204
0.5785635
0.5746639
0.5706708
0.56653
0.5621872
0.5576053
0.5529077
0.5483051
0.5440085
0.5402293
0.5371575
0.5348368
0.533249
0.532376
0.5321994
0.5326962
0.5338175
0.5355064
0.5377059
0.5403397
0.5432495
0.5462551
0.5491761
0.5518325
0.5541235
0.5562102
0.5583079
0.5606318
0.5633973
0.566835
0.5713634
0.5775248
0.5858636
0.5968479
0.6102241
0.6253405
0.6415408
0.6581689
0.6745781
0.6901886
0.704451
0.7168161
0.7267344
0.7337795
0.7382325
0.7406276
0.7414994
0.7413076
0.7401605
0.7380631
0.7350207
0.7310383
0.7262959
0.7216021
0.7179074
0.7161619
0.7173161
0.7222051
0.7301517
0.7394118
0.7482192
0.7549289
0.7591623
0.7612921
0.7617008
0.7607712
0.7588835
0.7563995
0.7536724
0.7510554
0.7489016
0.7473905
0.7456803
0.7425568
0.7368052
0.7276066
0.716017
0.703646
0.6921036
0.6829996
0.677555
0.6756064
0.6766823
0.68021
0.685307
0.6910323
0.6964446
0.7006771
0.7037244
0.7061364
0.7084718
0.7112896
0.7150968
0.7199511
0.7256803
0.7321102
0.7390669
0.7463532
0.7536185
0.7604502
0.7664356
0.7712312
0.7748671
0.7774986
0.779281
0.7803698
0.7808915
0.7808532
0.7802303
0.7789986
0.7771337
0.774721
0.7721971
0.770069
0.7688436
0.7689873
0.7704697
0.7729287
0.7759962
0.7793038
0.7824709
0.7850015
0.7863387
0.7859252
0.7832037
0.7777775
0.7703461
0.7620648
0.7540907
0.7474356
0.7423254
0.7387217
0.7365857
0.7358787
0.7365276
0.7383174
0.7409961
0.7443121
0.7480135
0.7519344
0.7561837
0.760925
0.7663222
0.7725346
0.7796691
0.7877972
0.7969899
0.8073178
0.8188232
0.8312841
0.8443346
0.8576074
0.8707352
0.8833432
0.8950009
0.9052538
0.9136474
0.9198659
0.9244082
0.9280689
0.9316429
0.9359254
0.9415302
0.9482474
0.955633
0.9632428
0.9706328
0.9775009
0.9840487
0.9905899
0.9974378
